---
build/images/timezones/overlap.png: 2017-12-07 02:25:10.172053057 -08:00
build/images/timezones/overlap_arithmetic_fixed.png: 2017-12-07 02:35:18.704128576
  -08:00
build/images/timezones/gap.png: 2017-12-07 02:25:10.169819249 -08:00
build/images/timezones/gap_arithmetic.png: 2017-12-07 02:25:10.170585693 -08:00
build/images/timezones/meansolartime.png: 2017-12-07 02:08:33.411226412 -08:00
build/images/timezones/overlap_arithmetic.png: 2017-12-07 02:25:10.172687801 -08:00
build/images/timezones/gap_arithmetic_fixed.png: 2017-12-07 02:25:10.171280739 -08:00
