---
build/images/timezones/overlap.png: 2017-12-07 02:06:10.934186080 -08:00
build/images/timezones/overlap_arithmetic_fixed.png: 2017-12-07 02:07:30.006796040
  -08:00
build/images/timezones/gap.png: 2017-12-07 02:06:09.802184216 -08:00
build/images/timezones/gap_arithmetic.png: 2017-12-07 02:06:09.088376463 -08:00
build/images/timezones/meansolartime.png: 2017-12-07 02:08:33.411226412 -08:00
build/images/timezones/overlap_arithmetic.png: 2017-12-07 02:09:20.960906399 -08:00
build/images/timezones/gap_arithmetic_fixed.png: 2017-12-07 02:09:22.067802334 -08:00
