---
build/images/timezones/gap.png: 2015-12-06 17:09:03.000000000 -08:00
build/images/timezones/gap_arithmetic.png: 2015-12-06 17:09:02.000000000 -08:00
build/images/timezones/gap_arithmetic_fixed.png: 2015-12-06 17:09:03.000000000 -08:00
build/images/timezones/meansolartime.png: 2015-12-06 17:07:39.000000000 -08:00
build/images/timezones/overlap.png: 2015-12-06 17:11:05.000000000 -08:00
build/images/timezones/overlap_arithmetic.png: 2015-12-06 17:11:56.000000000 -08:00
build/images/timezones/overlap_arithmetic_fixed.png: 2015-12-06 17:12:40.000000000
  -08:00
